0 1 57 20 81 59 49 36 90 82 75 18 86 71 52 31 2 10 37 16 17 99 45 13 1 2 38 54 58 61 61 17 67 46 36 7 61 79 80 52 31 88 73 96 93 54 15 47 24 86 22 78 85 100 100 62 40 27 30 84 3 38 10 68 7 2 92 28 28 59 69 84 73 49 21 75 47 46 95 75 12 60 39 74 61 58 37 16 23 43 80 52 99 75 35 18 66 50 7 70 51 
1 0 16 95 15 91 70 31 43 8 97 69 16 88 82 59 20 19 82 48 16 51 73 41 29 57 69 76 72 48 13 37 84 4 52 67 43 11 95 92 55 35 48 38 85 32 46 28 98 30 74 57 20 76 84 40 51 89 4 99 58 6 54 20 84 63 66 21 84 13 12 75 32 94 29 34 15 74 84 71 60 75 26 15 1 7 81 85 22 12 56 2 12 46 75 69 55 8 44 21 70 
57 16 0 30 44 24 58 54 63 17 51 96 70 93 20 34 19 100 46 100 11 63 10 44 93 6 90 30 24 77 42 21 63 61 46 47 60 64 86 83 63 72 57 38 19 74 56 91 25 20 61 70 59 36 50 9 74 62 62 69 81 16 58 87 91 62 73 5 67 98 32 57 31 18 12 87 85 75 16 33 9 9 64 82 55 45 41 31 47 51 16 33 74 32 83 96 87 73 31 94 14 
20 95 30 0 8 79 53 61 96 8 88 66 33 11 51 23 30 92 56 67 12 50 39 50 80 51 39 69 54 61 40 2 71 11 63 86 50 75 50 39 79 56 36 96 63 18 38 14 75 95 62 4 34 7 64 14 85 87 60 72 86 2 14 71 62 23 8 18 63 35 33 37 66 80 81 53 61 80 90 15 63 41 26 15 86 8 43 58 31 55 23 32 12 81 14 29 79 90 79 75 62 
81 15 44 8 0 37 86 24 86 24 26 55 98 6 9 53 43 10 27 89 24 16 13 93 9 6 7 34 92 40 44 95 84 54 84 70 40 27 1 53 96 40 25 59 26 69 95 44 89 2 94 61 79 58 15 23 39 1 42 9 66 86 7 81 67 69 80 53 69 15 69 73 78 4 87 65 71 9 56 95 7 28 15 98 62 30 92 37 70 23 16 25 53 90 12 90 45 9 78 18 97 
59 91 24 79 37 0 78 87 22 46 1 75 12 41 32 99 5 26 20 26 16 62 89 94 20 78 65 66 91 46 92 67 16 64 57 43 94 55 58 54 26 40 36 5 80 20 8 40 59 8 21 16 65 46 61 70 45 69 40 84 60 21 95 88 40 99 19 90 58 45 63 71 6 29 27 41 90 71 73 90 40 40 90 32 39 57 36 74 75 74 74 15 21 28 68 91 37 52 12 91 21 
49 70 58 53 86 78 0 52 66 44 69 10 9 9 4 36 31 70 15 40 8 68 73 21 70 62 66 55 11 55 6 97 47 97 73 54 68 70 38 39 6 81 18 7 32 79 22 33 49 2 45 51 61 76 41 36 84 94 63 100 6 57 86 39 31 29 4 62 40 3 4 46 86 94 41 73 62 81 88 59 60 9 80 47 59 59 57 82 68 35 2 27 35 24 77 38 87 13 73 63 90 
36 31 54 61 24 87 52 0 19 54 90 78 97 21 90 80 95 85 89 63 19 62 27 26 73 79 18 72 49 9 81 86 13 31 58 48 76 20 73 100 3 65 69 18 8 28 68 84 56 38 78 24 64 24 21 97 29 3 77 16 6 2 36 65 35 42 42 10 55 70 34 66 88 54 57 6 47 27 43 86 49 10 57 71 78 87 85 30 87 65 75 83 77 87 91 91 53 45 12 36 82 
90 43 63 96 86 22 66 19 0 43 18 1 66 78 7 10 39 69 81 16 15 6 35 3 98 65 6 92 64 44 3 25 40 66 78 3 83 15 64 55 98 47 22 31 78 35 49 61 11 98 76 16 46 71 100 78 65 62 95 69 30 57 30 55 72 25 55 50 95 67 77 63 45 80 75 99 21 63 91 60 92 51 49 46 89 94 19 26 21 73 94 63 5 64 4 56 55 45 7 100 14 
82 8 17 8 24 46 44 54 43 0 60 6 18 66 34 32 66 42 43 23 68 17 50 51 80 44 1 35 38 14 83 74 89 65 65 52 74 74 96 47 37 12 91 82 46 12 87 76 5 42 94 8 17 22 13 60 13 62 58 69 73 92 67 31 81 38 100 77 21 18 39 19 59 20 96 20 39 31 13 21 6 77 76 88 1 45 43 80 47 50 75 25 56 10 92 89 86 7 50 64 75 
75 97 51 88 26 1 69 90 18 60 0 76 26 91 79 21 56 6 53 79 71 3 73 56 92 88 80 31 40 49 6 66 1 77 76 23 16 7 67 4 35 70 80 44 98 64 30 48 88 9 11 15 15 92 32 38 82 6 82 25 90 26 28 22 24 85 88 89 85 61 5 18 19 36 45 19 90 63 55 91 53 73 100 97 87 84 16 38 29 18 97 74 72 4 65 81 74 82 13 72 38 
18 69 96 66 55 75 10 78 1 6 76 0 65 92 89 4 78 45 2 24 42 17 92 51 25 76 91 22 4 77 24 56 81 85 34 54 99 87 65 24 81 38 37 4 57 40 13 33 90 21 94 13 85 90 45 23 64 56 63 43 3 87 15 27 30 68 57 96 61 79 43 82 74 14 52 3 2 75 34 90 47 77 6 63 3 69 97 51 71 27 82 65 60 27 85 47 75 36 2 48 63 
86 16 70 33 98 12 9 97 66 18 26 65 0 41 39 4 30 60 89 44 93 39 54 2 97 87 44 70 34 61 50 56 5 38 24 94 86 96 61 59 9 41 31 50 9 88 31 78 93 59 22 29 57 88 26 31 73 87 24 20 45 89 58 4 100 7 62 26 18 12 24 50 96 6 9 34 29 52 50 42 93 61 30 48 41 95 55 84 80 80 60 87 32 94 28 94 72 14 78 48 18 
71 88 93 11 6 41 9 21 78 66 91 92 41 0 4 5 46 86 14 2 22 82 80 78 66 31 78 92 84 25 50 3 8 4 36 72 42 19 30 19 75 14 7 53 37 81 17 90 14 4 19 82 26 57 35 54 67 87 93 95 11 16 56 80 90 8 87 82 39 55 68 46 29 95 98 73 60 28 14 21 60 49 36 24 48 69 95 67 98 25 52 24 90 49 33 54 58 34 35 18 30 
52 82 20 51 9 32 4 90 7 34 79 89 39 4 0 23 92 74 81 65 69 28 77 7 72 86 35 5 49 3 84 62 55 61 57 78 64 70 76 87 17 43 79 3 44 5 51 28 8 25 98 51 62 8 37 96 86 34 25 30 6 99 18 8 23 31 79 65 9 27 15 23 57 19 64 12 46 76 34 7 29 70 87 57 87 9 80 100 64 62 60 60 20 98 24 5 25 26 41 80 28 
31 59 34 23 53 99 36 80 10 32 21 4 4 5 23 0 90 39 73 21 6 61 36 37 67 98 23 90 35 95 67 21 29 36 54 30 23 11 12 71 85 68 82 2 50 61 94 30 61 75 88 91 83 61 31 79 16 55 69 40 99 11 42 4 69 27 18 24 20 86 77 6 49 7 96 9 57 96 58 88 41 41 42 66 83 95 29 1 62 6 66 43 95 61 21 42 35 63 81 1 11 
2 20 19 30 43 5 31 95 39 66 56 78 30 46 92 90 0 40 28 32 83 85 32 21 57 47 100 44 37 42 39 58 88 34 40 95 51 42 61 78 9 16 22 10 32 48 63 34 9 62 15 29 83 44 99 23 12 52 27 2 58 77 12 97 38 90 53 23 31 48 32 42 77 84 40 43 73 74 10 9 76 85 64 37 48 10 42 20 35 91 24 32 16 35 19 28 21 18 34 7 51 
10 19 100 92 10 26 70 85 69 42 6 45 60 86 74 39 40 0 96 81 45 91 19 49 48 70 26 94 28 31 82 82 63 80 2 27 30 95 86 52 71 26 92 50 10 83 9 29 39 65 52 44 15 98 8 2 92 42 76 20 11 43 68 53 83 84 28 50 87 16 97 54 23 8 21 21 20 21 96 60 74 30 68 79 92 93 85 27 11 7 90 16 89 37 96 39 34 69 89 39 44 
37 82 46 56 27 20 15 89 81 43 53 2 89 14 81 73 28 96 0 68 27 49 53 80 80 75 49 83 56 29 35 6 91 77 37 29 22 33 6 88 26 41 15 88 61 79 20 46 76 44 64 81 18 33 96 71 21 86 6 75 5 14 9 56 57 54 23 9 31 7 42 14 26 82 51 28 99 92 13 29 71 48 30 35 53 81 52 8 83 56 11 51 95 73 48 46 92 55 37 89 66 
16 48 100 67 89 26 40 63 16 23 79 24 44 2 65 21 32 81 68 0 13 51 12 29 55 79 38 86 75 47 37 45 59 39 64 56 49 84 19 2 12 5 23 26 42 71 45 14 55 86 81 23 92 32 15 61 2 96 54 39 2 24 89 60 16 3 54 92 66 23 41 97 11 41 51 34 34 63 26 30 54 90 48 33 68 47 59 42 92 13 67 16 25 12 11 69 83 50 46 66 42 
17 16 11 12 24 16 8 19 15 68 71 42 93 22 69 6 83 45 27 13 0 64 11 83 37 88 52 96 40 73 63 38 82 85 7 75 37 24 82 79 28 57 18 13 76 42 29 18 55 25 33 23 66 70 67 65 7 34 95 33 31 17 37 28 96 24 27 63 76 59 28 72 34 72 3 70 63 14 72 39 53 87 60 50 4 68 56 36 58 77 3 1 55 75 29 80 84 73 30 54 41 
99 51 63 50 16 62 68 62 6 17 3 17 39 82 28 61 85 91 49 51 64 0 11 40 11 67 17 69 67 74 89 76 57 27 12 27 74 98 49 22 80 62 36 49 100 38 95 23 63 58 15 93 46 65 6 66 74 11 65 21 24 73 99 76 89 55 89 87 62 72 73 16 76 16 41 62 72 83 89 7 40 61 49 46 76 58 34 59 37 75 9 10 100 5 40 12 42 44 28 46 23 
45 73 10 39 13 89 73 27 35 50 73 92 54 80 77 36 32 19 53 12 11 11 0 27 65 89 88 45 42 24 96 74 35 73 61 63 90 69 24 12 54 72 57 2 52 46 97 89 71 25 11 27 47 61 6 39 13 100 74 5 1 68 96 71 75 15 68 62 67 98 8 91 86 63 89 58 16 90 58 27 18 63 84 67 86 45 98 66 71 7 82 75 97 84 32 13 21 30 95 84 26 
13 41 44 50 93 94 21 26 3 51 56 51 2 78 7 37 21 49 80 29 83 40 27 0 22 87 44 21 93 76 40 38 56 63 94 74 74 39 55 98 63 33 44 63 70 50 67 28 11 7 15 46 19 65 86 27 82 63 92 11 26 50 70 71 12 38 49 96 11 46 10 53 33 79 83 74 57 6 20 99 43 65 72 90 84 92 49 49 73 76 39 75 28 37 4 82 76 44 23 9 27 
1 29 93 80 9 20 70 73 98 80 92 25 97 66 72 67 57 48 80 55 37 11 65 22 0 63 77 33 26 49 75 57 35 70 97 41 28 89 60 61 35 80 83 82 43 9 64 98 69 50 19 57 25 86 30 99 82 41 33 40 66 93 90 28 77 53 95 92 65 6 27 30 79 27 29 36 92 82 25 33 24 96 25 93 82 11 58 24 38 20 79 90 32 6 75 72 56 55 37 12 8 
2 57 6 51 6 78 62 79 65 44 88 76 87 31 86 98 47 70 75 79 88 67 89 87 63 0 78 4 33 32 15 53 33 74 60 58 93 66 71 59 8 30 2 77 100 58 31 48 14 52 20 55 38 52 68 73 71 62 13 96 73 7 24 50 14 97 46 79 62 78 62 84 30 100 86 34 17 12 96 98 59 12 8 34 40 44 74 81 60 88 57 91 21 24 19 45 33 22 84 79 86 
38 69 90 39 7 65 66 18 6 1 80 91 44 78 35 23 100 26 49 38 52 17 88 44 77 78 0 40 45 95 6 79 31 52 23 67 30 18 87 48 84 91 59 17 45 69 82 98 97 52 10 6 58 86 60 61 58 29 79 39 88 13 97 7 42 35 36 1 32 22 78 50 7 89 40 57 45 71 57 59 61 20 38 78 91 57 81 80 95 77 21 63 52 84 83 73 69 62 40 88 98 
54 76 30 69 34 66 55 72 92 35 31 22 70 92 5 90 44 94 83 86 96 69 45 21 33 4 40 0 54 26 60 68 64 95 57 28 52 21 88 18 16 72 69 56 63 100 100 60 52 53 6 83 89 56 26 2 93 82 11 14 86 39 76 7 33 3 8 38 2 24 58 75 36 45 12 83 40 33 93 60 57 87 59 24 33 24 63 66 66 76 50 52 18 43 48 98 89 3 8 10 40 
58 72 24 54 92 91 11 49 64 38 40 4 34 84 49 35 37 28 56 75 40 67 42 93 26 33 45 54 0 32 93 83 58 50 40 92 53 12 86 42 76 100 24 4 47 13 36 35 94 3 94 78 78 78 75 62 5 6 56 70 14 29 73 34 35 51 91 95 93 86 57 94 69 31 99 43 94 61 50 17 73 6 33 51 23 3 17 54 31 85 55 36 1 13 29 55 1 77 9 92 81 
61 48 77 61 40 46 55 9 44 14 49 77 61 25 3 95 42 31 29 47 73 74 24 76 49 32 95 26 32 0 22 39 45 78 88 92 54 65 26 62 65 72 95 57 15 35 86 78 74 94 81 12 13 4 94 45 21 64 21 34 76 65 95 16 64 19 43 9 40 76 77 83 70 41 50 64 9 29 19 24 63 4 98 34 98 53 7 58 42 15 40 16 31 23 6 27 60 86 34 59 92 
61 13 42 40 44 92 6 81 3 83 6 24 50 50 84 67 39 82 35 37 63 89 96 40 75 15 6 60 93 22 0 74 4 79 64 9 11 53 60 44 3 67 98 43 8 35 82 12 90 59 71 20 62 5 28 57 62 64 84 55 65 58 96 33 6 66 21 79 85 25 88 49 57 77 3 74 47 30 43 65 10 92 3 22 75 54 33 1 91 71 28 77 6 22 25 55 4 15 54 39 46 
17 37 21 2 95 67 97 86 25 74 66 56 56 3 62 21 58 82 6 45 38 76 74 38 57 53 79 68 83 39 74 0 85 3 42 16 74 37 39 17 37 50 32 38 56 70 46 38 22 100 16 37 46 22 83 90 71 44 71 29 49 18 48 33 43 3 46 31 34 3 56 85 77 63 55 68 98 48 93 69 66 74 91 56 40 39 80 20 29 8 39 34 44 8 46 50 9 79 15 66 82 
67 84 63 71 84 16 47 13 40 89 1 81 5 8 55 29 88 63 91 59 82 57 35 56 35 33 31 64 58 45 4 85 0 43 23 86 77 34 9 7 23 52 42 58 50 92 43 22 57 91 55 61 21 63 46 81 32 58 53 68 97 14 30 5 1 40 15 19 63 3 91 77 87 37 50 58 41 80 18 25 54 34 71 45 76 48 6 52 93 46 65 22 27 78 100 42 23 20 85 47 66 
46 4 61 11 54 64 97 31 66 65 77 85 38 4 61 36 34 80 77 39 85 27 73 63 70 74 52 95 50 78 79 3 43 0 3 34 18 99 100 53 85 8 55 87 69 42 60 72 69 30 87 63 44 66 87 55 14 18 35 63 91 36 45 65 2 21 55 91 81 24 79 63 27 23 26 54 76 83 5 78 97 15 1 87 68 38 41 78 11 93 37 85 82 78 21 65 79 65 74 50 40 
36 52 46 63 84 57 73 58 78 65 76 34 24 36 57 54 40 2 37 64 7 12 61 94 97 60 23 57 40 88 64 42 23 3 0 74 51 74 30 61 89 48 80 95 43 88 58 71 96 77 51 53 5 63 44 82 28 59 58 45 94 73 40 38 65 24 78 20 34 55 12 2 35 26 36 47 90 78 45 40 73 62 38 5 16 21 13 14 43 7 77 81 50 54 13 83 21 52 96 84 87 
7 67 47 86 70 43 54 48 3 52 23 54 94 72 78 30 95 27 29 56 75 27 63 74 41 58 67 28 92 92 9 16 86 34 74 0 53 53 26 44 74 8 61 6 5 19 67 22 96 85 43 55 36 81 22 7 78 17 87 17 53 88 48 26 7 12 41 12 95 100 20 85 7 80 15 84 100 5 1 23 63 70 69 42 74 79 41 34 51 66 15 60 91 26 81 58 82 56 19 45 86 
61 43 60 50 40 94 68 76 83 74 16 99 86 42 64 23 51 30 22 49 37 74 90 74 28 93 30 52 53 54 11 74 77 18 51 53 0 66 70 20 66 52 36 64 75 94 91 46 74 80 38 37 81 1 14 33 33 33 68 90 70 50 37 82 8 78 98 70 8 28 68 99 22 37 7 25 21 45 94 54 70 23 57 42 75 8 80 98 56 38 9 55 67 51 70 56 35 40 17 9 19 
79 11 64 75 27 55 70 20 15 74 7 87 96 19 70 11 42 95 33 84 24 98 69 39 89 66 18 21 12 65 53 37 34 99 74 53 66 0 30 9 67 72 65 62 84 3 77 67 99 18 19 88 97 58 26 87 19 84 20 46 44 39 82 41 27 45 22 58 21 60 80 89 55 44 82 91 4 67 81 69 25 14 4 45 86 7 47 84 73 8 32 47 87 21 66 11 34 51 19 65 12 
80 95 86 50 1 58 38 73 64 96 67 65 61 30 76 12 61 86 6 19 82 49 24 55 60 71 87 88 86 26 60 39 9 100 30 26 70 30 0 48 55 10 86 92 50 37 82 38 11 65 64 81 33 95 33 76 29 24 29 45 42 28 56 25 88 44 6 88 40 32 23 77 94 73 75 99 44 90 62 17 83 23 41 74 71 59 99 1 95 59 46 43 36 61 60 43 2 11 61 25 12 
52 92 83 39 53 54 39 100 55 47 4 24 59 19 87 71 78 52 88 2 79 22 12 98 61 59 48 18 42 62 44 17 7 53 61 44 20 9 48 0 5 39 20 4 88 27 76 57 3 24 84 85 11 71 71 6 10 90 93 35 49 75 77 15 70 54 43 24 82 11 54 76 83 85 28 55 64 36 62 97 73 90 98 67 4 59 82 34 73 51 43 2 56 55 50 91 34 28 73 38 33 
31 55 63 79 96 26 6 3 98 37 35 81 9 75 17 85 9 71 26 12 28 80 54 63 35 8 84 16 76 65 3 37 23 85 89 74 66 67 55 5 0 55 99 90 23 26 31 86 13 89 24 88 55 25 95 45 75 3 44 71 32 67 19 17 45 20 92 100 81 17 59 93 41 86 12 28 27 67 35 100 51 63 56 70 58 30 88 100 8 86 20 49 17 65 66 64 81 88 64 87 97 
88 35 72 56 40 40 81 65 47 12 70 38 41 14 43 68 16 26 41 5 57 62 72 33 80 30 91 72 100 72 67 50 52 8 48 8 52 72 10 39 55 0 93 3 5 87 86 68 75 57 57 26 65 98 25 83 96 40 50 72 81 82 88 4 13 14 11 11 97 39 75 53 15 18 72 86 52 55 27 78 39 25 80 68 15 77 31 56 39 16 70 16 100 85 77 16 24 63 13 55 33 
73 48 57 36 25 36 18 69 22 91 80 37 31 7 79 82 22 92 15 23 18 36 57 44 83 2 59 69 24 95 98 32 42 55 80 61 36 65 86 20 99 93 0 89 82 74 61 33 10 70 81 33 72 75 37 96 65 3 50 13 32 54 82 51 17 68 36 5 12 7 61 56 18 79 53 11 5 70 22 87 99 91 5 11 76 22 6 91 81 50 35 33 65 85 30 65 54 56 34 33 41 
96 38 38 96 59 5 7 18 31 82 44 4 50 53 3 2 10 50 88 26 13 49 2 63 82 77 17 56 4 57 43 38 58 87 95 6 64 62 92 4 90 3 89 0 52 18 39 16 43 6 82 26 15 5 74 79 67 97 81 83 12 95 80 38 8 2 71 62 86 98 32 89 85 4 64 4 59 2 10 36 82 5 88 22 7 35 46 27 89 6 43 29 62 74 89 82 52 47 61 41 21 
93 85 19 63 26 80 32 8 78 46 98 57 9 37 44 50 32 10 61 42 76 100 52 70 43 100 45 63 47 15 8 56 50 69 43 5 75 84 50 88 23 5 82 52 0 21 77 71 38 20 97 32 59 38 20 47 14 30 16 56 74 55 4 58 32 35 93 38 22 23 96 7 37 33 42 15 79 45 79 85 76 24 35 45 16 67 75 61 29 27 53 87 73 20 3 32 44 60 36 28 66 
54 32 74 18 69 20 79 28 35 12 64 40 88 81 5 61 48 83 79 71 42 38 46 50 9 58 69 100 13 35 35 70 92 42 88 19 94 3 37 27 26 87 74 18 21 0 39 34 42 94 87 53 83 83 37 71 62 39 24 79 56 18 43 33 28 100 6 93 61 89 2 51 47 55 21 78 6 98 37 83 58 36 4 40 40 82 75 37 69 44 91 39 67 82 39 5 41 77 43 33 15 
15 46 56 38 95 8 22 68 49 87 30 13 31 17 51 94 63 9 20 45 29 95 97 67 64 31 82 100 36 86 82 46 43 60 58 67 91 77 82 76 31 86 61 39 77 39 0 33 89 13 43 71 23 27 67 52 45 85 69 49 42 49 67 51 56 17 18 86 64 25 72 57 41 54 32 87 81 69 77 46 85 2 99 77 37 96 4 85 10 30 27 2 26 33 39 94 90 100 57 40 47 
47 28 91 14 44 40 33 84 61 76 48 33 78 90 28 30 34 29 46 14 18 23 89 28 98 48 98 60 35 78 12 38 22 72 71 22 46 67 38 57 86 68 33 16 71 34 33 0 50 53 16 51 97 73 37 28 6 67 97 9 85 39 36 99 100 91 87 89 60 24 38 46 43 19 46 6 33 79 57 9 32 84 60 88 8 78 9 56 47 94 83 94 85 21 88 13 58 2 75 62 74 
24 98 25 75 89 59 49 56 11 5 88 90 93 14 8 61 9 39 76 55 55 63 71 11 69 14 97 52 94 74 90 22 57 69 96 96 74 99 11 3 13 75 10 43 38 42 89 50 0 95 80 60 37 61 65 43 13 16 68 84 89 32 21 86 7 4 66 4 3 58 28 91 76 47 53 45 91 94 92 18 21 16 31 87 74 12 43 61 90 38 80 74 48 51 56 95 71 42 48 77 82 
86 30 20 95 2 8 2 38 98 42 9 21 59 4 25 75 62 65 44 86 25 58 25 7 50 52 52 53 3 94 59 100 91 30 77 85 80 18 65 24 89 57 70 6 20 94 13 53 95 0 48 85 67 85 62 28 28 25 20 12 63 5 100 68 17 19 7 95 34 70 59 80 45 32 87 53 79 31 30 74 45 2 48 37 3 93 47 88 62 85 20 33 24 81 5 49 2 36 72 67 50 
22 74 61 62 94 21 45 78 76 94 11 94 22 19 98 88 15 52 64 81 33 15 11 15 19 20 10 6 94 81 71 16 55 87 51 43 38 19 64 84 24 57 81 82 97 87 43 16 80 48 0 9 34 33 28 71 77 26 19 70 44 39 44 77 28 91 94 34 28 86 13 6 26 86 36 60 26 11 59 94 26 32 15 17 55 79 22 99 49 18 11 23 99 19 74 32 51 86 56 94 67 
78 57 70 4 61 16 51 24 16 8 15 13 29 82 51 91 29 44 81 23 23 93 27 46 57 55 6 83 78 12 20 37 61 63 53 55 37 88 81 85 88 26 33 26 32 53 71 51 60 85 9 0 56 9 19 61 29 54 4 100 66 74 68 75 92 48 57 58 41 88 50 20 100 66 80 56 66 5 87 70 87 15 14 71 5 46 62 39 45 48 28 6 6 96 32 20 76 87 47 18 18 
85 20 59 34 79 65 61 64 46 17 15 85 57 26 62 83 83 15 18 92 66 46 47 19 25 38 58 89 78 13 62 46 21 44 5 36 81 97 33 11 55 65 72 15 59 83 23 97 37 67 34 56 0 56 64 99 71 14 83 10 11 67 72 30 88 16 85 85 21 87 75 63 47 4 3 61 1 41 64 46 43 83 56 51 84 21 82 85 60 96 28 100 61 59 17 63 11 18 55 95 70 
100 76 36 7 58 46 76 24 71 22 92 90 88 57 8 61 44 98 33 32 70 65 61 65 86 52 86 56 78 4 5 22 63 66 63 81 1 58 95 71 25 98 75 5 38 83 27 73 61 85 33 9 56 0 59 4 28 78 22 48 26 98 90 47 37 77 5 7 14 97 42 50 69 20 73 62 7 7 45 53 96 4 96 24 29 98 54 91 19 7 19 41 97 26 89 65 60 93 32 75 4 
100 84 50 64 15 61 41 21 100 13 32 45 26 35 37 31 99 8 96 15 67 6 6 86 30 68 60 26 75 94 28 83 46 87 44 22 14 26 33 71 95 25 37 74 20 37 67 37 65 62 28 19 64 59 0 89 44 15 31 35 18 88 49 11 55 18 45 47 43 43 53 26 31 90 12 31 27 9 19 86 52 7 78 34 66 89 59 71 20 29 41 18 20 61 87 17 83 52 15 46 62 
62 40 9 14 23 70 36 97 78 60 38 23 31 54 96 79 23 2 71 61 65 66 39 27 99 73 61 2 62 45 57 90 81 55 82 7 33 87 76 6 45 83 96 79 47 71 52 28 43 28 71 61 99 4 89 0 18 77 54 14 52 73 76 94 32 69 62 55 62 43 68 21 33 57 33 26 47 61 7 87 89 25 46 90 96 3 35 78 8 49 60 91 33 60 95 84 47 71 14 43 27 
40 51 74 85 39 45 84 29 65 13 82 64 73 67 86 16 12 92 21 2 7 74 13 82 82 71 58 93 5 21 62 71 32 14 28 78 33 19 29 10 75 96 65 67 14 62 45 6 13 28 77 29 71 28 44 18 0 94 95 26 41 19 42 83 25 45 71 39 32 100 98 5 98 96 76 28 24 59 2 21 92 20 72 76 41 86 81 24 96 68 42 27 1 3 44 82 25 34 7 13 5 
27 89 62 87 1 69 94 3 62 62 6 56 87 87 34 55 52 42 86 96 34 11 100 63 41 62 29 82 6 64 64 44 58 18 59 17 33 84 24 90 3 40 3 97 30 39 85 67 16 25 26 54 14 78 15 77 94 0 98 52 16 7 73 60 64 32 36 14 22 92 91 16 65 53 17 79 73 74 86 62 84 55 10 62 75 11 63 36 62 74 41 62 82 72 4 6 56 49 51 8 80 
30 4 62 60 42 40 63 77 95 58 82 63 24 93 25 69 27 76 6 54 95 65 74 92 33 13 79 11 56 21 84 71 53 35 58 87 68 20 29 93 44 50 50 81 16 24 69 97 68 20 19 4 83 22 31 54 95 98 0 98 3 64 60 78 7 4 32 61 62 39 76 97 80 98 82 48 56 14 54 61 92 63 28 51 46 60 89 48 17 75 50 78 74 83 88 64 40 27 6 65 3 
84 99 69 72 9 84 100 16 69 69 25 43 20 95 30 40 2 20 75 39 33 21 5 11 40 96 39 14 70 34 55 29 68 63 45 17 90 46 45 35 71 72 13 83 56 79 49 9 84 12 70 100 10 48 35 14 26 52 98 0 82 94 76 96 34 87 8 27 19 72 40 57 66 41 2 51 97 62 51 83 86 47 5 16 69 91 11 41 1 65 96 100 33 46 92 80 26 42 62 82 59 
3 58 81 86 66 60 6 6 30 73 90 3 45 11 6 99 58 11 5 2 31 24 1 26 66 73 88 86 14 76 65 49 97 91 94 53 70 44 42 49 32 81 32 12 74 56 42 85 89 63 44 66 11 26 18 52 41 16 3 82 0 18 36 80 62 76 85 58 21 92 38 45 87 56 52 28 43 26 70 75 54 50 68 43 57 56 1 96 11 61 89 18 73 4 29 46 19 54 67 99 63 
38 6 16 2 86 21 57 2 57 92 26 87 89 16 99 11 77 43 14 24 17 73 68 50 93 7 13 39 29 65 58 18 14 36 73 88 50 39 28 75 67 82 54 95 55 18 49 39 32 5 39 74 67 98 88 73 19 7 64 94 18 0 12 37 34 3 26 97 3 56 64 50 48 94 61 94 8 50 63 7 46 3 29 67 21 24 61 53 82 83 59 14 96 81 64 34 24 38 71 23 21 
10 54 58 14 7 95 86 36 30 67 28 15 58 56 18 42 12 68 9 89 37 99 96 70 90 24 97 76 73 95 96 48 30 45 40 48 37 82 56 77 19 88 82 80 4 43 67 36 21 100 44 68 72 90 49 76 42 73 60 76 36 12 0 87 96 9 8 8 67 97 59 34 23 72 73 93 90 79 68 6 38 93 55 79 44 95 62 64 16 64 30 72 72 12 57 44 26 59 39 56 4 
68 20 87 71 81 88 39 65 55 31 22 27 4 80 8 4 97 53 56 60 28 76 71 71 28 50 7 7 34 16 33 33 5 65 38 26 82 41 25 15 17 4 51 38 58 33 51 99 86 68 77 75 30 47 11 94 83 60 78 96 80 37 87 0 97 58 62 5 10 65 55 61 11 27 39 94 89 71 10 26 88 99 26 44 19 7 67 74 51 73 60 73 67 71 83 70 21 52 14 95 85 
7 84 91 62 67 40 31 35 72 81 24 30 100 90 23 69 38 83 57 16 96 89 75 12 77 14 42 33 35 64 6 43 1 2 65 7 8 27 88 70 45 13 17 8 32 28 56 100 7 17 28 92 88 37 55 32 25 64 7 34 62 34 96 97 0 45 37 18 50 57 72 9 34 80 56 86 68 3 13 42 40 50 60 90 32 24 99 71 53 72 8 31 95 78 96 96 20 80 63 6 89 
2 63 62 23 69 99 29 42 25 38 85 68 7 8 31 27 90 84 54 3 24 55 15 38 53 97 35 3 51 19 66 3 40 21 24 12 78 45 44 54 20 14 68 2 35 100 17 91 4 19 91 48 16 77 18 69 45 32 4 87 76 3 9 58 45 0 8 84 73 71 69 76 74 16 55 93 20 25 96 66 96 48 53 53 74 86 51 27 18 54 69 46 26 84 76 41 34 25 19 79 98 
92 66 73 8 80 19 4 42 55 100 88 57 62 87 79 18 53 28 23 54 27 89 68 49 95 46 36 8 91 43 21 46 15 55 78 41 98 22 6 43 92 11 36 71 93 6 18 87 66 7 94 57 85 5 45 62 71 36 32 8 85 26 8 62 37 8 0 2 68 8 4 13 33 70 2 21 24 80 35 94 95 41 46 93 57 18 28 31 44 26 16 8 82 53 79 52 20 90 8 74 48 
28 21 5 18 53 90 62 10 50 77 89 96 26 82 65 24 23 50 9 92 63 87 62 96 92 79 1 38 95 9 79 31 19 91 20 12 70 58 88 24 100 11 5 62 38 93 86 89 4 95 34 58 85 7 47 55 39 14 61 27 58 97 8 5 18 84 2 0 66 54 48 100 70 31 33 48 74 16 72 79 11 71 53 81 35 23 65 13 28 16 66 83 61 82 75 32 80 41 96 18 44 
28 84 67 63 69 58 40 55 95 21 85 61 18 39 9 20 31 87 31 66 76 62 67 11 65 62 32 2 93 40 85 34 63 81 34 95 8 21 40 82 81 97 12 86 22 61 64 60 3 34 28 41 21 14 43 62 32 22 62 19 21 3 67 10 50 73 68 66 0 69 10 15 50 61 15 28 98 12 84 19 38 46 95 54 11 31 96 78 74 89 92 11 3 50 96 68 39 54 25 30 13 
59 13 98 35 15 45 3 70 67 18 61 79 12 55 27 86 48 16 7 23 59 72 98 46 6 78 22 24 86 76 25 3 3 24 55 100 28 60 32 11 17 39 7 98 23 89 25 24 58 70 86 88 87 97 43 43 100 92 39 72 92 56 97 65 57 71 8 54 69 0 62 90 23 93 67 76 63 81 63 37 21 26 84 7 47 54 46 69 32 12 17 73 32 97 55 25 31 83 19 70 75 
69 12 32 33 69 63 4 34 77 39 5 43 24 68 15 77 32 97 42 41 28 73 8 10 27 62 78 58 57 77 88 56 91 79 12 20 68 80 23 54 59 75 61 32 96 2 72 38 28 59 13 50 75 42 53 68 98 91 76 40 38 64 59 55 72 69 4 48 10 62 0 23 8 86 62 13 34 79 92 30 75 38 84 7 16 22 72 55 27 32 58 17 94 45 58 40 35 70 12 60 22 
84 75 57 37 73 71 46 66 63 19 18 82 50 46 23 6 42 54 14 97 72 16 91 53 30 84 50 75 94 83 49 85 77 63 2 85 99 89 77 76 93 53 56 89 7 51 57 46 91 80 6 20 63 50 26 21 5 16 97 57 45 50 34 61 9 76 13 100 15 90 23 0 98 87 1 49 96 61 49 67 37 95 28 19 99 97 41 84 34 82 80 98 34 28 95 32 1 38 4 94 47 
73 32 31 66 78 6 86 88 45 59 19 74 96 29 57 49 77 23 26 11 34 76 86 33 79 30 7 36 69 70 57 77 87 27 35 7 22 55 94 83 41 15 18 85 37 47 41 43 76 45 26 100 47 69 31 33 98 65 80 66 87 48 23 11 34 74 33 70 50 23 8 98 0 94 43 65 25 38 53 92 23 38 70 84 20 94 39 30 39 38 17 51 86 70 75 51 30 8 78 56 84 
49 94 18 80 4 29 94 54 80 20 36 14 6 95 19 7 84 8 82 41 72 16 63 79 27 100 89 45 31 41 77 63 37 23 26 80 37 44 73 85 86 18 79 4 33 55 54 19 47 32 86 66 4 20 90 57 96 53 98 41 56 94 72 27 80 16 70 31 61 93 86 87 94 0 64 41 3 71 54 34 67 21 42 63 12 70 3 74 22 48 49 5 12 72 76 50 91 75 71 61 41 
21 29 12 81 87 27 41 57 75 96 45 52 9 98 64 96 40 21 51 51 3 41 89 83 29 86 40 12 99 50 3 55 50 26 36 15 7 82 75 28 12 72 53 64 42 21 32 46 53 87 36 80 3 73 12 33 76 17 82 2 52 61 73 39 56 55 2 33 15 67 62 1 43 64 0 75 51 28 11 93 67 81 93 63 56 64 62 10 52 94 46 48 54 85 27 95 62 42 32 23 73 
75 34 87 53 65 41 73 6 99 20 19 3 34 73 12 9 43 21 28 34 70 62 58 74 36 34 57 83 43 64 74 68 58 54 47 84 25 91 99 55 28 86 11 4 15 78 87 6 45 53 60 56 61 62 31 26 28 79 48 51 28 94 93 94 86 93 21 48 28 76 13 49 65 41 75 0 85 97 52 60 40 89 31 3 33 53 80 20 34 69 47 54 92 100 68 65 84 99 67 84 57 
47 15 85 61 71 90 62 47 21 39 90 2 29 60 46 57 73 20 99 34 63 72 16 57 92 17 45 40 94 9 47 98 41 76 90 100 21 4 44 64 27 52 5 59 79 6 81 33 91 79 26 66 1 7 27 47 24 73 56 97 43 8 90 89 68 20 24 74 98 63 34 96 25 3 51 85 0 68 90 76 50 23 15 78 95 76 19 50 90 84 60 99 10 57 47 35 84 94 48 95 4 
46 74 75 80 9 71 81 27 63 31 63 75 52 28 76 96 74 21 92 63 14 83 90 6 82 12 71 33 61 29 30 48 80 83 78 5 45 67 90 36 67 55 70 2 45 98 69 79 94 31 11 5 41 7 9 61 59 74 14 62 26 50 79 71 3 25 80 16 12 81 79 61 38 71 28 97 68 0 45 26 16 54 43 42 73 69 26 13 74 3 84 76 34 81 51 33 98 71 78 29 68 
95 84 16 90 56 73 88 43 91 13 55 34 50 14 34 58 10 96 13 26 72 89 58 20 25 96 57 93 50 19 43 93 18 5 45 1 94 81 62 62 35 27 22 10 79 37 77 57 92 30 59 87 64 45 19 7 2 86 54 51 70 63 68 10 13 96 35 72 84 63 92 49 53 54 11 52 90 45 0 5 12 52 65 97 2 96 17 15 77 66 80 98 12 89 94 33 96 96 80 55 80 
75 71 33 15 95 90 59 86 60 21 91 90 42 21 7 88 9 60 29 30 39 7 27 99 33 98 59 60 17 24 65 69 25 78 40 23 54 69 17 97 100 78 87 36 85 83 46 9 18 74 94 70 46 53 86 87 21 62 61 83 75 7 6 26 42 66 94 79 19 37 30 67 92 34 93 60 76 26 5 0 38 72 71 59 3 2 17 90 6 26 89 22 6 7 15 88 24 46 67 94 26 
12 60 9 63 7 40 60 49 92 6 53 47 93 60 29 41 76 74 71 54 53 40 18 43 24 59 61 57 73 63 10 66 54 97 73 63 70 25 83 73 51 39 99 82 76 58 85 32 21 45 26 87 43 96 52 89 92 84 92 86 54 46 38 88 40 96 95 11 38 21 75 37 23 67 67 40 50 16 12 38 0 75 91 7 32 10 84 94 29 59 37 43 34 15 23 56 91 97 40 5 63 
60 75 9 41 28 40 9 10 51 77 73 77 61 49 70 41 85 30 48 90 87 61 63 65 96 12 20 87 6 4 92 74 34 15 62 70 23 14 23 90 63 25 91 5 24 36 2 84 16 2 32 15 83 4 7 25 20 55 63 47 50 3 93 99 50 48 41 71 46 26 38 95 38 21 81 89 23 54 52 72 75 0 79 67 8 70 93 58 19 66 99 32 8 92 59 87 95 92 71 90 47 
39 26 64 26 15 90 80 57 49 76 100 6 30 36 87 42 64 68 30 48 60 49 84 72 25 8 38 59 33 98 3 91 71 1 38 69 57 4 41 98 56 80 5 88 35 4 99 60 31 48 15 14 56 96 78 46 72 10 28 5 68 29 55 26 60 53 46 53 95 84 84 28 70 42 93 31 15 43 65 71 91 79 0 50 16 59 66 1 75 21 12 16 62 35 71 77 29 67 7 64 99 
74 15 82 15 98 32 47 71 46 88 97 63 48 24 57 66 37 79 35 33 50 46 67 90 93 34 78 24 51 34 22 56 45 87 5 42 42 45 74 67 70 68 11 22 45 40 77 88 87 37 17 71 51 24 34 90 76 62 51 16 43 67 79 44 90 53 93 81 54 7 7 19 84 63 63 3 78 42 97 59 7 67 50 0 25 20 62 87 10 45 9 29 17 12 98 23 43 98 52 95 9 
61 1 55 86 62 39 59 78 89 1 87 3 41 48 87 83 48 92 53 68 4 76 86 84 82 40 91 33 23 98 75 40 76 68 16 74 75 86 71 4 58 15 76 7 16 40 37 8 74 3 55 5 84 29 66 96 41 75 46 69 57 21 44 19 32 74 57 35 11 47 16 99 20 12 56 33 95 73 2 3 32 8 16 25 0 13 80 58 77 10 43 15 69 4 26 62 47 69 55 43 93 
58 7 45 8 30 57 59 87 94 45 84 69 95 69 9 95 10 93 81 47 68 58 45 92 11 44 57 24 3 53 54 39 48 38 21 79 8 7 59 59 30 77 22 35 67 82 96 78 12 93 79 46 21 98 89 3 86 11 60 91 56 24 95 7 24 86 18 23 31 54 22 97 94 70 64 53 76 69 96 2 10 70 59 20 13 0 86 54 8 26 48 71 23 87 51 79 1 64 8 81 84 
37 81 41 43 92 36 57 85 19 43 16 97 55 95 80 29 42 85 52 59 56 34 98 49 58 74 81 63 17 7 33 80 6 41 13 41 80 47 99 82 88 31 6 46 75 75 4 9 43 47 22 62 82 54 59 35 81 63 89 11 1 61 62 67 99 51 28 65 96 46 72 41 39 3 62 80 19 26 17 17 84 93 66 62 80 86 0 53 9 16 58 36 53 95 15 91 85 91 59 92 63 
16 85 31 58 37 74 82 30 26 80 38 51 84 67 100 1 20 27 8 42 36 59 66 49 24 81 80 66 54 58 1 20 52 78 14 34 98 84 1 34 100 56 91 27 61 37 85 56 61 88 99 39 85 91 71 78 24 36 48 41 96 53 64 74 71 27 31 13 78 69 55 84 30 74 10 20 50 13 15 90 94 58 1 87 58 54 53 0 66 79 18 79 87 52 37 78 27 22 86 80 70 
23 22 47 31 70 75 68 87 21 47 29 71 80 98 64 62 35 11 83 92 58 37 71 73 38 60 95 66 31 42 91 29 93 11 43 51 56 73 95 73 8 39 81 89 29 69 10 47 90 62 49 45 60 19 20 8 96 62 17 1 11 82 16 51 53 18 44 28 74 32 27 34 39 22 52 34 90 74 77 6 29 19 75 10 77 8 9 66 0 29 6 51 38 11 35 48 52 60 64 56 49 
43 12 51 55 23 74 35 65 73 50 18 27 80 25 62 6 91 7 56 13 77 75 7 76 20 88 77 76 85 15 71 8 46 93 7 66 38 8 59 51 86 16 50 6 27 44 30 94 38 85 18 48 96 7 29 49 68 74 75 65 61 83 64 73 72 54 26 16 89 12 32 82 38 48 94 69 84 3 66 26 59 66 21 45 10 26 16 79 29 0 60 28 62 59 90 18 71 74 6 31 24 
80 56 16 23 16 74 2 75 94 75 97 82 60 52 60 66 24 90 11 67 3 9 82 39 79 57 21 50 55 40 28 39 65 37 77 15 9 32 46 43 20 70 35 43 53 91 27 83 80 20 11 28 28 19 41 60 42 41 50 96 89 59 30 60 8 69 16 66 92 17 58 80 17 49 46 47 60 84 80 89 37 99 12 9 43 48 58 18 6 60 0 10 98 26 8 78 44 80 27 6 23 
52 2 33 32 25 15 27 83 63 25 74 65 87 24 60 43 32 16 51 16 1 10 75 75 90 91 63 52 36 16 77 34 22 85 81 60 55 47 43 2 49 16 33 29 87 39 2 94 74 33 23 6 100 41 18 91 27 62 78 100 18 14 72 73 31 46 8 83 11 73 17 98 51 5 48 54 99 76 98 22 43 32 16 29 15 71 36 79 51 28 10 0 43 19 73 41 76 88 41 39 61 
99 12 74 12 53 21 35 77 5 56 72 60 32 90 20 95 16 89 95 25 55 100 97 28 32 21 52 18 1 31 6 44 27 82 50 91 67 87 36 56 17 100 65 62 73 67 26 85 48 24 99 6 61 97 20 33 1 82 74 33 73 96 72 67 95 26 82 61 3 32 94 34 86 12 54 92 10 34 12 6 34 8 62 17 69 23 53 87 38 62 98 43 0 54 31 93 83 46 17 17 64 
75 46 32 81 90 28 24 87 64 10 4 27 94 49 98 61 35 37 73 12 75 5 84 37 6 24 84 43 13 23 22 8 78 78 54 26 51 21 61 55 65 85 85 74 20 82 33 21 51 81 19 96 59 26 61 60 3 72 83 46 4 81 12 71 78 84 53 82 50 97 45 28 70 72 85 100 57 81 89 7 15 92 35 12 4 87 95 52 11 59 26 19 54 0 93 8 60 45 11 72 21 
35 75 83 14 12 68 77 91 4 92 65 85 28 33 24 21 19 96 48 11 29 40 32 4 75 19 83 48 29 6 25 46 100 21 13 81 70 66 60 50 66 77 30 89 3 39 39 88 56 5 74 32 17 89 87 95 44 4 88 92 29 64 57 83 96 76 79 75 96 55 58 95 75 76 27 68 47 51 94 15 23 59 71 98 26 51 15 37 35 90 8 73 31 93 0 5 28 80 52 12 86 
18 69 96 29 90 91 38 91 56 89 81 47 94 54 5 42 28 39 46 69 80 12 13 82 72 45 73 98 55 27 55 50 42 65 83 58 56 11 43 91 64 16 65 82 32 5 94 13 95 49 32 20 63 65 17 84 82 6 64 80 46 34 44 70 96 41 52 32 68 25 40 32 51 50 95 65 35 33 33 88 56 87 77 23 62 79 91 78 48 18 78 41 93 8 5 0 26 88 84 17 93 
66 55 87 79 45 37 87 53 55 86 74 75 72 58 25 35 21 34 92 83 84 42 21 76 56 33 69 89 1 60 4 9 23 79 21 82 35 34 2 34 81 24 54 52 44 41 90 58 71 2 51 76 11 60 83 47 25 56 40 26 19 24 26 21 20 34 20 80 39 31 35 1 30 91 62 84 84 98 96 24 91 95 29 43 47 1 85 27 52 71 44 76 83 60 28 26 0 84 78 55 34 
50 8 73 90 9 52 13 45 45 7 82 36 14 34 26 63 18 69 55 50 73 44 30 44 55 22 62 3 77 86 15 79 20 65 52 56 40 51 11 28 88 63 56 47 60 77 100 2 42 36 86 87 18 93 52 71 34 49 27 42 54 38 59 52 80 25 90 41 54 83 70 38 8 75 42 99 94 71 96 46 97 92 67 98 69 64 91 22 60 74 80 88 46 45 80 88 84 0 62 51 92 
7 44 31 79 78 12 73 12 7 50 13 2 78 35 41 81 34 89 37 46 30 28 95 23 37 84 40 8 9 34 54 15 85 74 96 19 17 19 61 73 64 13 34 61 36 43 57 75 48 72 56 47 55 32 15 14 7 51 6 62 67 71 39 14 63 19 8 96 25 19 12 4 78 71 32 67 48 78 80 67 40 71 7 52 55 8 59 86 64 6 27 41 17 11 52 84 78 62 0 24 94 
70 21 94 75 18 91 63 36 100 64 72 48 48 18 80 1 7 39 89 66 54 46 84 9 12 79 88 10 92 59 39 66 47 50 84 45 9 65 25 38 87 55 33 41 28 33 40 62 77 67 94 18 95 75 46 43 13 8 65 82 99 23 56 95 6 79 74 18 30 70 60 94 56 61 23 84 95 29 55 94 5 90 64 95 43 81 92 80 56 31 6 39 17 72 12 17 55 51 24 0 39 
51 70 14 62 97 21 90 82 14 75 38 63 18 30 28 11 51 44 66 42 41 23 26 27 8 86 98 40 81 92 46 82 66 40 87 86 19 12 12 33 97 33 41 21 66 15 47 74 82 50 67 18 70 4 62 27 5 80 3 59 63 21 4 85 89 98 48 44 13 75 22 47 84 41 73 57 4 68 80 26 63 47 99 9 93 84 63 70 49 24 23 61 64 21 86 93 34 92 94 39 0 
